       0  0.92076 178.05179 48.40778 638.94104 557.48041
       0  0.89499 39.86868 372.91156 640.05505 574.06940
       0  0.07278  0.75693 381.11105 272.73459 465.75955
       0  0.05953 -0.87419 184.03294 165.45464 326.85797
       0  0.04625  0.23940 466.81500 205.63475 638.45575
       0  0.04131 -1.59374 264.80966 163.39401 395.46365
       0  0.03812 353.15668 -0.21858 642.69116 63.32385
       0  0.02752 -0.92016 557.13123 168.07666 640.93567
       0  0.02655 -1.49511 386.07104 214.94604 578.67108
       0  0.01185 -2.40271 279.32697 281.33472 424.40558
